       N       E                     dE             d eps       ncg     rms          rms(c)
DAV:   1    -0.115347662591E+04   -0.11535E+04   -0.37135E-02 12808   0.439E-01    0.212E-02
RMM:   2    -0.115347662586E+04    0.52678E-07   -0.12773E-05  6700   0.627E-03    0.335E-02
RMM:   3    -0.115347662601E+04   -0.15198E-06   -0.41653E-06  5660   0.416E-03    0.391E-03
RMM:   4    -0.115347662603E+04   -0.16764E-07   -0.11351E-06  2846   0.202E-03    0.303E-03
RMM:   5    -0.115347662599E+04    0.31956E-07   -0.62288E-07  2499   0.200E-03    0.308E-03
RMM:   6    -0.115347662594E+04    0.57800E-07   -0.26689E-07  1779   0.172E-03    0.986E-04
RMM:   7    -0.115347662592E+04    0.21406E-07   -0.14079E-07  1476   0.171E-03    0.496E-04
RMM:   8    -0.115347662591E+04    0.86438E-08   -0.37487E-08  1287   0.165E-03
   1 F= -.11534766E+04 E0= -.11534766E+04  d E =-.115348E+04  mag=    20.0000
