       N       E                     dE             d eps       ncg     rms          rms(c)
DAV:   1    -0.992330651733E+03   -0.99233E+03   -0.43055E-03 13736   0.160E-01    0.377E-02
RMM:   2    -0.992330649545E+03    0.21875E-05   -0.32480E-05  6758   0.101E-02    0.668E-02
RMM:   3    -0.992330649665E+03   -0.11985E-06   -0.79350E-06  6105   0.522E-03    0.608E-03
RMM:   4    -0.992330649411E+03    0.25466E-06   -0.74279E-07  2459   0.191E-03    0.306E-03
RMM:   5    -0.992330649338E+03    0.72134E-07   -0.68297E-07  2656   0.203E-03    0.215E-03
RMM:   6    -0.992330649304E+03    0.34372E-07   -0.23776E-07  2102   0.184E-03    0.122E-03
RMM:   7    -0.992330649272E+03    0.32232E-07   -0.15096E-07  1680   0.180E-03    0.718E-04
RMM:   8    -0.992330649261E+03    0.11176E-07   -0.65500E-08  1467   0.178E-03
   1 F= -.99233065E+03 E0= -.99233065E+03  d E =-.992331E+03  mag=   120.0000
