       N       E                     dE             d eps       ncg     rms          rms(c)
DAV:   1    -0.115335310450E+04   -0.11534E+04   -0.13725E-02  6472   0.259E-01    0.187E-02
RMM:   2    -0.115335310398E+04    0.51627E-06   -0.10484E-05  3101   0.521E-03    0.353E-02
RMM:   3    -0.115335310401E+04   -0.29060E-07   -0.21998E-06  2278   0.304E-03    0.461E-03
RMM:   4    -0.115335310399E+04    0.18466E-07   -0.32190E-07  1064   0.170E-03    0.199E-03
RMM:   5    -0.115335310400E+04   -0.12442E-07   -0.13150E-07   758   0.151E-03    0.798E-04
RMM:   6    -0.115335310401E+04   -0.64465E-08   -0.47394E-09   616   0.144E-03    0.444E-04
RMM:   7    -0.115335310401E+04   -0.16880E-08   -0.53172E-09   564   0.145E-03    0.146E-04
RMM:   8    -0.115335310401E+04    0.23574E-08   -0.16955E-09   518   0.145E-03
   1 F= -.11533531E+04 E0= -.11533531E+04  d E =-.115335E+04  mag=    20.0000
